1 0.0295326296875 0.034043368750000004 0.017869356250000003 0.2720581734375 0.50306154375 0.27018407031249997 0.498396128125 0.0359175078125 0.0295326296875 0.034043368750000004
0 0.41442060625000005 0.2439461859375 0.43308191406249996 0.217708375 0.43074929375000004 0.20271529375 0.416753225 0.189596421875 0.32111442968750004 0.189596421875 0.290790028125 0.18584807187500002 0.274461340625 0.2064635359375 0.2861246140625 0.2439461859375 0.3537716265625 0.2439461859375 0.41442060625000005 0.2439461859375
0 0.8646229765625 0.24769446562500003 0.9462658796874999 0.2439461859375 0.943933084375 0.170855096875 0.9159413015625001 0.11837933125 0.8599577375 0.0790225421875 0.7596535281250001 0.067777809375 0.6056983734375 0.0696518796875 0.601341446875 0.0614158484375 0.5660431421875 0.1221275734375 0.5753737953125 0.2120859203125 0.6476860453125 0.2533168484375 0.8646229765625 0.24769446562500003
1 0.49635457031249997 0.0403188015625 0.4937308890625 0.27393235 0.9765904593749999 0.27018407031249997 0.9695924218749999 0.0415398921875 0.49635457031249997 0.0403188015625
1 0.48206761875000004 0.8605358031250001 0.4937308890625 0.600031359375 0.0038734671875 0.590660696875 0 0.8455426875000001 0.48206761875000004 0.8605358031250001
0 0.416753225 0.7668291796875 0.3164491921875 0.749961959375 0.2371389078125 0.751836134375 0.2021490921875 0.7649550046875 0.19965001875 0.7647542390625001 0.1601612421875 0.79119303125 0.1858205828125 0.824927259375 0.3071185375 0.836172025 0.395759478125 0.8305497125000001 0.43074929375000004 0.8024376546875001 0.416753225 0.7668291796875
1 0.484689359375 0.600562590625 0.4913982734375 0.85491335 0.9765904593749999 0.8305497125000001 0.9952517640625 0.6019055359375 0.484689359375 0.600562590625
0 0.9672596265625 0.8230531546875 0.9789229 0.798689446875 0.9742576609375 0.779948121875 0.9322698109375 0.761206796875 0.80397381875 0.761206796875 0.7036697875 0.759332621875 0.5917023046875001 0.761206796875 0.58003903125 0.761206796875 0.545049215625 0.8024376546875001 0.619694265625 0.8399203749999999 0.852959703125 0.836172025 0.9672596265625 0.8230531546875
0 0.0855163703125 1 0.167159275 0.9954732875 0.16482665624999998 0.9636130906249999 0.1461653484375 0.9317528968750001 0.10184488124999999 0.92987865 0.0481939375 0.9617389875000001 0.022534775 1 0.0855163703125 1
0 0.70600240625 1 0.8692882125000001 0.9992216375 0.9649271859375 0.987976871875 0.9532639140624999 0.9542424281249999 0.9229393359375001 0.941123559375 0.7736495953125 0.9336270000000001 0.68034324375 0.9336270000000001 0.6080309921875 0.9355011031249999 0.587037065625 0.9392493125 0.52872070625 0.956116534375 0.531053325 0.986102625 0.5823718296875 1 0.70600240625 1
0 0.7573209078125 0.468842084375 0.7549881125 0.46321970312499994 0.713000440625 0.421988771875 0.6990045484375 0.4144922875 0.6663473515625 0.47446446875000003 0.687341278125 0.52319195625 0.7433248406249999 0.51382129375 0.7573209078125 0.468842084375