1 0.4578641359375 0.0221504578125 0.453548634375 0.021339175 0.44507281093750006 0.132918171875 0.5214081796875 0.13461576875 0.5284227671874999 0.028940818750000003 0.4578641359375 0.0221504578125
0 0.5193450609375 0.039550753125 0.5176945609375 0.033609190625 0.510267321875 0.0319115953125 0.5004923640625 0.0319556796875 0.5053158515625 0.0505850796875 0.512330440625 0.05270706562500001 0.5189324125 0.048887490625 0.5193450609375 0.039550753125
1 0.5581316562499999 0.14225491875000001 0.5614326562499999 0.1439525140625 0.6365301421875 0.152864853125 0.639005909375 0.041248340625000005 0.56555889375 0.02681883125 0.5581316562499999 0.14225491875000001
0 0.63240390625 0.09684439375000001 0.6348796734375 0.0730781453125 0.62869031875 0.0467655046875 0.603520253125 0.0387019703125 0.5816512203124999 0.03827755625 0.5721976203125 0.039918059374999995 0.5717482484375 0.07817091875 0.58577745625 0.0993907875 0.6064086375 0.1057567484375 0.63240390625 0.09684439375000001
1 0.561020040625 0.14946970937499998 0.5515296843749999 0.267027759375 0.6274524359375 0.2695741359375 0.6340544078125 0.1558356703125 0.561020040625 0.14946970937499998
0 0.6216756984375 0.1647479765625 0.6183747281249999 0.1592308140625 0.5948551625 0.152864853125 0.575874484375 0.1541380421875 0.5654913734375 0.15457631249999998 0.5688598953125 0.177055540625 0.59155419375 0.187665475 0.6097096078125 0.1855434875 0.6216756984375 0.1647479765625
0 0.568034628125 0.2509006453125 0.59155419375 0.254720228125 0.60434551875 0.24792987656249998 0.607233871875 0.22543680156249998 0.605583371875 0.21355369375 0.6006319015625 0.2050657453125 0.58412695625 0.21652446250000001 0.572160865625 0.2194952625 0.56555889375 0.22289042343749998 0.564321009375 0.24071513281249998 0.568034628125 0.2509006453125
0 0.635607909375 0.02516755625 0.6330306359375 0.011913484375 0.625866165625 0.0034481937499999996 0.61138154375 0.0055515296875 0.61395881875 0.0219865765625 0.6294224671875 0.031529515625 0.635607909375 0.02516755625
0 0.7557089234375 0.0352406484375 0.75158526875 0.01297381875 0.7366370671875 0.003961040625 0.722204353125 0.0002499015625 0.6984933953125 0.0066118546875 0.689730678125 0.0135039734375 0.681998853125 0.0288787 0.704678878125 0.0378914625 0.74127616875 0.0431930921875 0.7557089234375 0.0352406484375
1 0.6748425124999999 0.047213715625 0.6685970328125 0.156647959375 0.74900799375 0.1630099171875 0.7500388874999999 0.05379635000000001 0.6748425124999999 0.047213715625
0 0.7077716 0.13756208125 0.7252970750000001 0.13491126874999998 0.7299361765625 0.104161825 0.74127616875 0.096739565625 0.7453998234375 0.086666453125 0.74643071875 0.06492979374999999 0.744368890625 0.056447165625 0.720142525 0.056447165625 0.699524328125 0.0590979796875 0.6912770578125 0.061218639062500003 0.681998853125 0.0633392875 0.6840606796875 0.09833003125 0.68148340625 0.11529525625 0.6938543328125 0.1301398140625 0.7077716 0.13756208125
1 0.6711743078125 0.1571781125 0.6618961031249999 0.279115578125 0.74282255 0.27646476249999996 0.748492546875 0.1688417015625 0.6711743078125 0.1571781125
0 0.6850915750000001 0.2722235046875 0.6984933953125 0.26427106093749997 0.700555221875 0.2494264640625 0.70880249375 0.23193109375 0.7299361765625 0.225569134375 0.7371525140624999 0.217086515625 0.7397297890625001 0.209664246875 0.7381834484375001 0.1974705046875 0.740760721875 0.1858069171875 0.7366370671875 0.1773242984375 0.725812521875 0.17202267031250001 0.714987975 0.16513055625 0.703132496875 0.16566073125 0.704678878125 0.1778544734375 0.714987975 0.1873974015625 0.719627078125 0.1895180625 0.704678878125 0.1974705046875 0.6917925046875 0.199060990625 0.6778751984375 0.202241959375 0.675813409375 0.20913409375 0.6716897546875 0.223448475 0.6763288578125 0.23723272187500002 0.6763288578125 0.2669218765625 0.6850915750000001 0.2722235046875
0 0.8134398984375 0.044253421875 0.8149862000000001 0.032589834375 0.8082853484375001 0.023577071875 0.80364620625 0.0219865765625 0.8020998265625 0.0214564171875 0.7938525953125 0.027288206250000002 0.7964298703125 0.0384216484375 0.8026153125000001 0.0453137515625 0.8134398984375 0.044253421875
1 0.7897289390625 0.05591700937500001 0.785089878125 0.1683115453125 0.852614425 0.171492515625 0.8551917 0.0707615671875 0.7897289390625 0.05591700937500001
0 0.84900625625 0.038951793750000005 0.8459134953125 0.0304692046875 0.8412744328124999 0.026758040625 0.8325117140625 0.0288787 0.829418953125 0.0426629375 0.8356043968750001 0.04902490625 0.84900625625 0.04902490625 0.84900625625 0.038951793750000005
0 0.8464289812500001 0.0972697109375 0.84694446875 0.079244175 0.8433362203125 0.0718218953125 0.830965334375 0.0686409171875 0.80622348125 0.0590979796875 0.7912753203125 0.061218639062500003 0.788182559375 0.0654599375 0.794368003125 0.075002865625 0.8077698625 0.077123515625 0.8386971578125 0.09408875156249999 0.8464289812500001 0.0972697109375
0 0.8428208140625 0.1492256703125 0.8510680453124999 0.1449843703125 0.852614425 0.1280191546875 0.8459134953125 0.11900638125 0.8273571656250001 0.1163555671875 0.8067389687500001 0.1110539375 0.8108626234375 0.11529525625 0.794368003125 0.12271752656249998 0.8020998265625 0.13862241250000001 0.829934440625 0.148695515625 0.8428208140625 0.1492256703125
1 0.7871516656249999 0.17202267031250001 0.7778734609375 0.2870680203125 0.8495217421874999 0.29236965000000004 0.8520990171875 0.1820957734375 0.7871516656249999 0.17202267031250001
0 0.84694446875 0.19853083437500002 0.8459134953125 0.1873974015625 0.8386971578125 0.18050528906250002 0.8191098546875001 0.176263990625 0.8067389687500001 0.175203659375 0.791790728125 0.17573381562499998 0.7948834890625001 0.196410175 0.8129244124999999 0.2017118046875 0.83921264375 0.2001213203125 0.84694446875 0.19853083437500002
0 0.8072543765625 0.2706329796875 0.8237489968749999 0.2706329796875 0.8325117140625 0.2775251125 0.8407589468750001 0.2785854234375 0.8459134953125 0.27169330937499997 0.8453980874999999 0.2494264640625 0.838181671875 0.23935336093749998 0.8330271218749999 0.2324612875 0.8314808203125 0.2186770203125 0.82014075 0.2139055875 0.8067389687500001 0.2139055875 0.800553525 0.21337539218749998 0.77890435625 0.23405173124999998 0.7804507359375 0.26586150625 0.7835434968749999 0.27805526875000003 0.8072543765625 0.2706329796875
1 0.552819965625 0.260440109375 0.5491890500000001 0.26630003125 0.537993803125 0.3896954140625 0.62624483125 0.39550463593749996 0.6269508296875 0.2727847234375 0.552819965625 0.260440109375
0 0.5902384234375 0.36718466875 0.5902384234375 0.384612334375 0.6015345437499999 0.3896954140625 0.6114186703125 0.3926000390625 0.6135366624999999 0.38679081718749997 0.614242659375 0.357018509375 0.6149487109375 0.3345077515625 0.622714790625 0.32071083906250003 0.6128306640625001 0.31562777343750004 0.5881203765625 0.3163539296875 0.5655281343749999 0.3214370234375 0.55635000625 0.3228893078125 0.5521139671874999 0.35338774375000004 0.5612920421875 0.36428004375 0.583178340625 0.3606492765625 0.5902384234375 0.36718466875
1 0.5436418375 0.39405235156249996 0.5394057984375 0.39332618125 0.529521671875 0.517498434375 0.6093006234375 0.514593865625 0.619890746875 0.3998615734375 0.5436418375 0.39405235156249996
0 0.607888628125 0.46957229062500006 0.6100066203125001 0.459406159375 0.605064584375 0.4383476984375 0.6043585874999999 0.4274553984375 0.6036525359375 0.413658471875 0.5951804593750001 0.404944653125 0.574706209375 0.410753875 0.5648220828125 0.41511078437500004 0.552819965625 0.4122061875 0.5436418375 0.4194677203125 0.5478779296875 0.44488309062500003 0.5535259625 0.4717507453125 0.5838843375 0.48046459375 0.5951804593750001 0.47683382500000004 0.607888628125 0.46957229062500006
1 0.5297706 0.518794603125 0.5182255515625 0.6460275953125 0.602240540625 0.6387660625 0.6121246671875 0.5218553984375001 0.5297706 0.518794603125
0 0.5394057984375 0.628599903125 0.5634100890625 0.63803991875 0.57823625 0.624969134375 0.5909444203125 0.6126245484374999 0.5937684640625001 0.6002799078125001 0.5937684640625001 0.5901137765625 0.5980045031250001 0.5639722375 0.6001224953125 0.5414614906249999 0.58670838125 0.5341999562499999 0.5577620015625 0.5320215015625 0.540817846875 0.5298430203125 0.5330517140625 0.5356522703125 0.529521671875 0.5501753375 0.5302277234375 0.5581630703125 0.5549380109375 0.5755907078125 0.5330517140625 0.5886614640625 0.532345715625 0.605363015625 0.5394057984375 0.628599903125
1 0.40738228125 0.504427678125 0.405315990625 0.5060790484375 0.40455823750000003 0.6336829546875 0.49069122031249995 0.6329568125 0.49704530468749997 0.511689184375 0.40738228125 0.504427678125
0 0.4448006859375 0.62133836875 0.462450890625 0.6300521875 0.473747065625 0.6293260453125 0.4815131453125 0.6104460671874999 0.4815131453125 0.5872092062500001 0.4666869828125 0.56469840625 0.462450890625 0.5479968562499999 0.4483307265625 0.5138676671875 0.44127064374999997 0.5298430203125 0.43632860781250005 0.5341999562499999 0.4356226109375 0.5349261000000001 0.4356226109375 0.56324609375 0.4299745234375 0.5901137765625 0.4342105625 0.611172209375 0.4448006859375 0.62133836875
1 0.40266801875 0.627785065625 0.39043807343750003 0.7559015812500001 0.47798310468749994 0.7493661890625 0.4850431859375 0.641169359375 0.40266801875 0.627785065625
0 0.395380109375 0.7275815859375 0.40314624375 0.747187734375 0.41585435937500004 0.7537231265625 0.43632860781250005 0.7508185015625 0.4476247296875 0.742830825 0.4568028578125 0.745735421875 0.4631569421875 0.744283109375 0.45892085 0.7232246625000001 0.45256681875 0.7145108296875 0.4511547703125 0.701440059375 0.4610388953125 0.689095459375 0.46739298125 0.68546469375 0.470217025 0.6760247046875001 0.4638629390625 0.6665847296875 0.44338869062499997 0.6629539624999999 0.4440946875 0.663680090625 0.42220844375000005 0.6811077984375 0.40808827968749994 0.6920000984375 0.398204153125 0.7087015953125 0.395380109375 0.7275815859375
1 0.39326211718750004 0.7537231265625 0.39043807343750003 0.7595323484375001 0.38267199375 0.8728122718750001 0.4645689375 0.8619199703125 0.4744530625 0.7580800359375 0.39326211718750004 0.7537231265625
0 0.4123243171875 0.8212553890625 0.41938440000000005 0.8372307703124999 0.43985865 0.8437661343749999 0.4483307265625 0.8452184468749999 0.4596269015625 0.8357784578125 0.46033289843749997 0.8139938546875 0.4539788140625 0.8031015546875 0.4440946875 0.790756940625 0.44268269218749995 0.777686184375 0.43138657187499996 0.7675200249999999 0.42150244687500005 0.7660677125 0.4123243171875 0.7726031046874999 0.3989101515625 0.7718769625 0.3946741125 0.7696984796875 0.3967921578125 0.774781559375 0.395380109375 0.7718769625 0.39185006875 0.7871261734375 0.3996162015625 0.8009230984375 0.410206325 0.8060061515625 0.4123243171875 0.8212553890625
1 0.3805539484375 0.8720861296875 0.3713758734375 0.9889968203124999 0.4476247296875 0.9911753015625001 0.45892085 0.8713599593750001 0.3805539484375 0.8720861296875
0 0.3989101515625 0.9512368359375 0.41373636718749995 0.9497845515625001 0.42009039687499994 0.9548676031250001 0.4271504796875 0.96285530625 0.4327985671875 0.9635814500000001 0.4384466546875 0.9650337906249999 0.4440946875 0.9476060687500001 0.44550673593749995 0.9374399375 0.44691873125 0.9279999484375001 0.44197669531250006 0.9221906984375 0.42856252812499995 0.9192861015625 0.41585435937500004 0.915655334375 0.4059702328125 0.9076676296875 0.40738228125 0.8960492421874999 0.40738228125 0.89096610625 0.40738228125 0.88443074375 0.39608616093750004 0.8778954062500001 0.39185006875 0.8757168953125 0.3897320765625 0.8735384421875001 0.3847899859375 0.8720861296875 0.381965996875 0.8837045734375 0.3854960375 0.9040368624999999 0.38125994531249996 0.9287261453125 0.381965996875 0.9425230171875001 0.3989101515625 0.9512368359375
1 0.5182255515625 0.6388784484375 0.5182255515625 0.63960461875 0.5090474765625 0.76377684375 0.5874143796875 0.7608722453125 0.596592453125 0.643961528125 0.5182255515625 0.6388784484375
0 0.5669401296875 0.7107677046875 0.574706209375 0.7158507281250001 0.58670838125 0.7122199609375001 0.5874143796875 0.6955184375 0.5838843375 0.683899965625 0.5789422484375 0.6730076656249999 0.5648220828125 0.6577584546875 0.554231959375 0.6555799984374999 0.5436418375 0.6563061421875 0.5386998000000001 0.6621153640624999 0.5288156749999999 0.685352334375 0.5344637624999999 0.701327659375 0.557056003125 0.7049584265625 0.5669401296875 0.7107677046875
1 0.5041735515625 0.76402314375 0.49563330937499994 0.8850444984375001 0.5761182578125 0.8828660156250001 0.5895323718750001 0.76668146875 0.5041735515625 0.76402314375
0 0.55917405 0.842201434375 0.5704701703125 0.8458322015625 0.571882165625 0.8240475999999999 0.5648220828125 0.8160599234375001 0.5436418375 0.8095245312499999 0.5415238437500001 0.8029891390625 0.5401117953125001 0.7862875875 0.5238736390625001 0.770312234375 0.51257751875 0.77902608125 0.51116546875 0.810976815625 0.5154015078125 0.8313091343749999 0.5386998000000001 0.8407490953125001 0.55917405 0.842201434375
1 0.49711229687499997 0.8784631296875001 0.4786891015625 0.9948622484375 0.5605860453125 0.9905053953125 0.5775302531250001 0.8808561828125001 0.49711229687499997 0.8784631296875001
0 0.509753475 0.9643638265625001 0.5062234328125 0.9512930703125001 0.49492731250000005 0.9454838203125 0.49210326875000004 0.95056695625 0.48927922500000004 0.9614592578125001 0.49563330937499994 0.9774345828125 0.5062234328125 0.9781607265625001 0.509753475 0.9643638265625001
0 0.547171878125 0.9541977234375001 0.5577620015625 0.9491145890625001 0.5641160859375 0.9302346109374999 0.5641160859375 0.919342309375 0.5634100890625 0.9040930703125 0.5485839265625 0.8968315359375 0.540817846875 0.8946530812500001 0.5288156749999999 0.8961053937499999 0.5245796359375 0.8982838484375 0.5175195546875 0.9149853718750001 0.5175195546875 0.9396746 0.5365817546875 0.95056695625 0.547171878125 0.9541977234375001
1 0.6577558375 0.2771990765625 0.6509551203124999 0.402709990625 0.7370881015624999 0.40706689999999995 0.7455601781250001 0.2850731296875 0.6577558375 0.2771990765625
0 0.708847771875 0.3976269109375 0.71661390625 0.40343613281249996 0.7250859828125 0.40343613281249996 0.7279099734375001 0.39254383125 0.7250859828125 0.37656845156249996 0.7180259015625 0.3693069171875 0.701787690625 0.361319240625 0.6890795749999999 0.3518792234375 0.6756654078125 0.3475223140625 0.6664872796875 0.3446176890625 0.6643692859375 0.345343859375 0.6629572375 0.36567615 0.674253359375 0.3823776734375 0.6954336046875 0.39036537656250003 0.708847771875 0.3976269109375
0 0.7236739875 0.33009462031250003 0.7307340703125 0.32864233593750003 0.7335580609375 0.314845409375 0.7307340703125 0.30831001874999997 0.720849890625 0.3054054203125 0.714495859375 0.30831001874999997 0.7060237828125 0.3097623296875 0.6848434812499999 0.3090361875 0.68060744375 0.3097623296875 0.6763714046875 0.327916165625 0.6982576484374999 0.3373561546875 0.7152019109375 0.3315469328125 0.7236739875 0.33009462031250003
1 0.6537791625 0.40343613281249996 0.6424829890625 0.5283344999999999 0.7229679375 0.5283344999999999 0.738500096875 0.409971525 0.6537791625 0.40343613281249996
0 0.6777834 0.5145376296874999 0.692609615625 0.515263771875 0.707435778125 0.5217991640624999 0.7180259015625 0.5159899140624999 0.7123778140625 0.49202685625000003 0.69613965625 0.47895607343749996 0.7003756953125 0.4716945390625 0.7187319515625 0.47242070937499997 0.7229679375 0.468063771875 0.7236739875 0.4397438046875 0.714495859375 0.4223161109375 0.7010816921874999 0.4208637984375 0.6947276078125 0.4295776453125 0.6883735234375 0.43683917968749997 0.672135365625 0.444826884375 0.6551911578125 0.4687899421875 0.6509551203124999 0.4840391515625 0.6566031531250001 0.5050976125 0.6777834 0.5145376296874999
1 0.634806759375 0.6495831578125 0.62200879375 0.768859978125 0.7003756953125 0.7630507015625 0.7123778140625 0.6526753750000001 0.634806759375 0.6495831578125
0 0.6516611171875 0.7434446078125 0.6643692859375 0.73908764375 0.672135365625 0.754336909375 0.6834314874999999 0.76377684375 0.6933156125 0.76159844375 0.6982576484374999 0.742718409375 0.69049156875 0.7216600046874999 0.6664872796875 0.7202076374999999 0.6650752843750001 0.7078630234375 0.6770774015625001 0.6962446359375 0.6820194921875 0.6831738234375 0.68060744375 0.66719844375 0.6643692859375 0.659936909375 0.641776990625 0.675186146875 0.6396589984375 0.6802691984375 0.6325989171875 0.7071369375 0.6325989171875 0.73255230625 0.6333049140625 0.747075375 0.6516611171875 0.7434446078125
1 0.6093006234375 0.88297843125 0.6919035640625 0.8706338718750001 0.7003756953125 0.773329246875 0.6241267859375 0.7682461953125 0.6093006234375 0.88297843125
1 0.6012658 0.8802796374999999 0.5902384234375 0.9933537296875 0.6770774015625001 0.9969844953125 0.6848434812499999 0.8822522609375 0.6012658 0.8802796374999999
0 0.62406911875 0.8534284281250001 0.622714790625 0.8655507374999999 0.6276568265625 0.8670031046875 0.63824695 0.8720861296875 0.6396589984375 0.8633723375000001 0.6340109109375 0.85683691875 0.62406911875 0.8534284281250001
0 0.6643692859375 0.8488492140625 0.6777834 0.8401353671875 0.6799014453125001 0.8285169234374999 0.6700173203124999 0.82052921875 0.637540953125 0.8103630875000001 0.631892865625 0.816172309375 0.619890746875 0.8314215203125 0.6297748734375 0.8401353671875 0.647425078125 0.8488492140625 0.6643692859375 0.8488492140625
0 0.6848434812499999 0.8800738062500001 0.681313440625 0.8655507374999999 0.6735473609375 0.8604676859374999 0.6678993281250001 0.8561108046875001 0.6573092046875 0.8604676859374999 0.6573092046875 0.8735384421875001 0.6735473609375 0.8807999765625001 0.6848434812499999 0.8800738062500001
0 0.6114186703125 0.9860921953125 0.6340109109375 0.9882706765625 0.647425078125 0.9824614281249999 0.6594271968750001 0.985366053125 0.66013319375 0.954141515625 0.6615452421875 0.946153784375 0.6735473609375 0.9403445343750001 0.672135365625 0.9200122437499999 0.6678993281250001 0.9083938015624999 0.6481310765625 0.9018584093750001 0.6396589984375 0.899680009375 0.6311868671875 0.8960492421874999 0.619890746875 0.8967753296875 0.6071825765625001 0.9250953796875001 0.6057705828125 0.9468799812500001 0.6071825765625001 0.9672122171875 0.6114186703125 0.9860921953125
1 0.774712346875 0.2894850875 0.7707671515625 0.4132552984375 0.8424735859375 0.41909185625 0.8460846828124999 0.2970554015625 0.774712346875 0.2894850875
0 0.818227478125 0.3787667609375 0.824933846875 0.36603255625000003 0.83628304375 0.361787775 0.8357672171875 0.338441665625 0.8321561203125001 0.334727509375 0.8409259499999999 0.320401509375 0.8383465843750001 0.309259040625 0.8285449453125 0.30448371406249997 0.809973553125 0.31032023125 0.8073941859374999 0.315095578125 0.7939814484375 0.31827916875 0.7867592546875 0.3225238703125 0.788306890625 0.35648184375 0.7970767203125 0.3734608296875 0.8084259171875001 0.3899092515625 0.818227478125 0.3787667609375
1 0.765683065625 0.4129243953125 0.7589020890625 0.538639584375 0.8342195828125 0.535456034375 0.8429894125 0.42137850625000006 0.765683065625 0.4129243953125
0 0.8187433828125 0.481866109375 0.8269973875 0.47496840156250003 0.8295767546875 0.46170357187500005 0.82802911875 0.4436634046875 0.82080684375 0.4346433375 0.80068781875 0.4266844390625 0.7924338140625 0.4261538234375 0.789854446875 0.43145975625000005 0.7944973546874999 0.43145975625000005 0.7841798875 0.46117299687499996 0.78624335 0.475498996875 0.8104893796875 0.481866109375 0.8187433828125 0.481866109375
0 0.7991401828125 0.5216605984375 0.8048148203125001 0.524313565625 0.81255291875 0.53280306875 0.8239021171875001 0.5264359453125 0.82802911875 0.513171115625 0.8264814828124999 0.496722715625 0.818227478125 0.49460035468749997 0.8058465515625001 0.49406974843749996 0.7944973546874999 0.49406974843749996 0.7888227156250001 0.4903556125 0.7851812406249999 0.4892319875 0.782632253125 0.48770265625000003 0.75787031875 0.5030898374999999 0.758386184375 0.5121099265625 0.7614814562500001 0.5237829796875 0.7805687906250001 0.52696653125 0.7991401828125 0.5216605984375
1 0.8228703859375001 0.6537783125 0.8311243109375 0.540761965625 0.7527164187500001 0.5323284687500001 0.75374335625 0.6569618640625 0.8228703859375001 0.6537783125
0 0.7939814484375 0.602310809375 0.8151322859375 0.5938212859374999 0.8141005546875 0.5800258515625 0.80687828125 0.5672916265625 0.78521161875 0.559332728125 0.777989425 0.5582715375 0.7738624234375 0.557210346875 0.7697354203125 0.555618571875 0.75787031875 0.57631169375 0.7563227234375 0.5943519109375 0.7707671515625 0.603371959375 0.7939814484375 0.602310809375
0 0.802235453125 0.6405134828125 0.8115211890625 0.6336157765625 0.80687828125 0.6171673734375 0.796044990625 0.6081472859375 0.77902115625 0.6007189937499999 0.770251325 0.6028413546875 0.7609655515625 0.6171673734375 0.7594179546875 0.6362687421875 0.7857275234375 0.6436970343749999 0.802235453125 0.6405134828125
1 0.7413623890625 0.659738040625 0.72846555625 0.77487676875 0.811005284375 0.7722238015625 0.82132275 0.6618604109375 0.7413623890625 0.659738040625
0 0.7986243562500001 0.711205584375 0.8001719140624999 0.69157363125 0.79501318125 0.682022959375 0.77902115625 0.67777820625 0.768703690625 0.682022959375 0.769219515625 0.707491428125 0.7743782484375 0.714919740625 0.789854446875 0.7181032921875 0.7986243562500001 0.711205584375
0 0.769219515625 0.73030693125 0.7681877859374999 0.7223480328125 0.7640607828125 0.7170421015625 0.7527115859375 0.7154503265625001 0.74394175625 0.7170421015625 0.7449734875 0.7181032921875 0.74806871875 0.7196950671875 0.74806871875 0.73773524375 0.75374335625 0.7483471078124999 0.7645766875 0.7494082984375 0.769219515625 0.73030693125
0 0.789854446875 0.7695708359375 0.8001719140624999 0.766387284375 0.8017195484374999 0.7557754203125 0.8063624562499999 0.742510590625 0.8079100125 0.7366740546874999 0.808941821875 0.7265927953125 0.8037830890625 0.7244704140625 0.7944973546874999 0.726062190625 0.7888227156250001 0.7265927953125 0.7867592546875 0.7250009984375 0.7805687906250001 0.7409187953124999 0.77850525 0.754183625 0.7805687906250001 0.76373431875 0.789854446875 0.7695708359375
1 0.7263411953125 0.77129658125 0.715568725 0.88744466875 0.789854446875 0.8885058593749999 0.8048148203125001 0.7776118734375 0.7263411953125 0.77129658125
0 0.782632253125 0.8752410296875001 0.78727508125 0.8630373703125 0.7919179875 0.8375689015625 0.7939814484375 0.8158145781249999 0.7908862562500001 0.79671323125 0.78624335 0.8147533984375 0.7800528859375 0.83438535 0.774894153125 0.8455277984375 0.7707671515625 0.85242550625 0.7614814562500001 0.857200853125 0.7454893515625 0.8598538187500001 0.7351718859374999 0.8630373703125 0.7305290578125 0.8640985609375 0.7289814234375 0.86728213125 0.7320766546875 0.8842610984375 0.7568385875 0.8847917031250001 0.77334651875 0.8778939953125 0.782632253125 0.8752410296875001
0 0.7666401484375001 0.8428748328125 0.7666401484375001 0.8280182281249999 0.7650925921875 0.8126310265625 0.7640607828125 0.7951214453125 0.7625131859375001 0.7839789953125 0.7521957203125 0.7749589078125 0.738783021875 0.781856615625 0.735687790625 0.7876931625 0.7346560203125 0.8158145781249999 0.7362036562500001 0.8333241593749999 0.7449734875 0.8471195734375 0.75580681875 0.849772540625 0.7666401484375001 0.8428748328125
1 0.7102174781249999 0.8880993687500001 0.6964813890625 1 0.776957615625 0.993563309375 0.7914020828125 0.8890364453125 0.7102174781249999 0.8880993687500001
0 0.7470369875 0.9505852484374999 0.7573544531249999 0.9431569546875 0.770251325 0.9330756765625001 0.775925884375 0.929892125 0.7810846171875 0.9176884859375001 0.781600521875 0.90601543125 0.7810846171875 0.8943423765625 0.770251325 0.8911588265624999 0.747552853125 0.8922199953125001 0.7382671578125 0.8927506015625 0.7279496921875 0.8975259281250001 0.725886190625 0.90017889375 0.7202115921875001 0.903362465625 0.715568725 0.9267085546875 0.715568725 0.9415651796875 0.725370325 0.9500547031250001 0.7470369875 0.9505852484374999
0 0.7707671515625 0.9797678734374999 0.7728306921875 0.9649112687500001 0.7717988828125 0.955360634375 0.768703690625 0.9537688187500001 0.75374335625 0.9548300093750001 0.7527115859375 0.955360634375 0.7516798546875 0.9680948390624999 0.7568385875 0.9739313968750001 0.7625131859375001 0.9802984796875001 0.7707671515625 0.9797678734374999
0 0.901283109375 0.06506295937499999 0.9167593093749999 0.0735524640625 0.928624409375 0.07726659999999999 0.928624409375 0.06506295937499999 0.9234656781249999 0.0555122875 0.9188227703124999 0.050736940625000004 0.92037040625 0.032166178125 0.928624409375 0.0263296609375 0.9317196031250001 0.0167789765625 0.9214021375 0.0045753578125 0.90644184375 0.0061671140625 0.902314840625 0.0088200796875 0.902314840625 0.009881290625 0.89302910625 0.0242072796875 0.8909656437500001 0.041716871875 0.8904497390625 0.058165253125000003 0.901283109375 0.06506295937499999
1 0.8830637265625001 0.07180716875000001 0.8909656437500001 0.18338523906249998 0.9564815359375001 0.1913441375 0.952354534375 0.083633721875 0.8830637265625001 0.07180716875000001
0 0.9214021375 0.1748957953125 0.9368783359374999 0.1770181375 0.9471958015625 0.172773375 0.9482276109375001 0.16322270156250002 0.9492593421875 0.137223646875 0.9425529734375001 0.12714240937500002 0.9296561406249999 0.1213058515625 0.9167593093749999 0.1213058515625 0.902314840625 0.12077524531249999 0.8981878390625001 0.1213058515625 0.8971561078124999 0.13616245625 0.8981878390625001 0.15738618437500002 0.9069577484375 0.1685286328125 0.9214021375 0.1748957953125
1 0.8837434500000001 0.183508459375 0.8842592765624999 0.3023613328125 0.959060903125 0.310850815625 0.9564815359375001 0.193059153125 0.8837434500000001 0.183508459375
0 0.9379101453124999 0.24134311562500002 0.9446164359375 0.2286088703125 0.94771170625 0.21746642187499998 0.9471958015625 0.20526277187500003 0.9435847046875001 0.198365084375 0.928624409375 0.19624269375 0.9208863109375001 0.2015486265625 0.9126323078125 0.19571211875 0.9059259390625 0.1882837953125 0.895608471875 0.188814390625 0.8904497390625 0.1951815046875 0.894060915625 0.198895659375 0.8981878390625001 0.22118056875 0.914695846875 0.2344454078125 0.9275926796875 0.245057271875 0.9379101453124999 0.24134311562500002
1 0.8798389828125 0.30275813125 0.8703307125 0.4249283734375 0.9482276109375001 0.4323566859375 0.9528704390625 0.305544884375 0.8798389828125 0.30275813125
0 0.9002513796875 0.40582702656249997 0.9100529406250001 0.40688819687500005 0.9126323078125 0.392031590625 0.919338675 0.38407269374999997 0.9332672390625 0.380889121875 0.9410053375 0.3787667609375 0.9456482453125 0.36921606875 0.9425529734375001 0.3586042046875 0.931203778125 0.3522371015625 0.9219180421875001 0.35064530625 0.91211648125 0.353298271875 0.895608471875 0.35064530625 0.8858069109375 0.3495841359375 0.8837434500000001 0.35064530625 0.8842592765624999 0.371869034375 0.8899339140625001 0.3835420875 0.895092646875 0.39627633281249997 0.9002513796875 0.40582702656249997
1 0.8734259828125 0.424520978125 0.8662037109374999 0.54443503125 0.943068878125 0.5497409640625001 0.9482276109375001 0.43354106718749996 0.8734259828125 0.424520978125
0 0.9244974078125001 0.48076384843750003 0.9342989703125 0.4775802984375 0.9379101453124999 0.469090815625 0.9389418765625 0.457417759375 0.9363625109375 0.4499894484375 0.9291402359375001 0.4478670875 0.907473575 0.44574470625 0.89870374375 0.44468351562499997 0.886322815625 0.44574470625 0.8754894453125001 0.44733648125 0.8775529078125001 0.469090815625 0.886322815625 0.48129445468750004 0.9048942078125 0.48341681562499994 0.9244974078125001 0.48076384843750003
1 0.86310851875 0.5454962234375 0.852791053125 0.6648796921875 0.9265608703125 0.6622267265625 0.931203778125 0.5476186046875 0.86310851875 0.5454962234375
0 0.8708466171874999 0.604922684375 0.8811640828125 0.6086368203125 0.9038624765625001 0.61341216875 0.9069577484375 0.61341216875 0.914695846875 0.6112897875 0.92037040625 0.6012085078125 0.9172752140625 0.5895354546875 0.9059259390625 0.584229521875 0.8981878390625001 0.5826377468749999 0.8909656437500001 0.5736176578125 0.8914815484374999 0.560352828125 0.888386278125 0.5497409640625001 0.8780688124999999 0.5454962234375 0.8708466171874999 0.5534551203125 0.8698148078125 0.5566386921875 0.86929898125 0.55716931875 0.86826725 0.5635364 0.8687830765625 0.5730871140625 0.86929898125 0.5916578546875 0.8708466171874999 0.604922684375
0 0.9162434046874999 0.6634111265625 0.9208863109375001 0.650146296875 0.9126323078125 0.633697915625 0.9069577484375 0.6310449499999999 0.8925132796874999 0.6225554468750001 0.8878703734375 0.6230860515625001 0.889418009375 0.64006501875 0.895092646875 0.64908510625 0.9085053046875 0.6623499359375 0.9162434046874999 0.6634111265625
1 0.8460846828124999 0.666594678125 0.8357672171875 0.7801416703124999 0.915727578125 0.7790804390625 0.9234656781249999 0.66553350625 0.8460846828124999 0.666594678125
0 0.8564021500000001 0.7541425546875 0.8491798765624999 0.7663462156249999 0.8517592421875 0.7801416703124999 0.8765211765625001 0.7796110453125 0.8961243765625 0.7658156093749999 0.9017990140625001 0.7642238734375 0.9090212093750001 0.7498978125 0.9136640375 0.7143480859375 0.9069577484375 0.70267503125 0.8966402812500001 0.69683849375 0.8744577140625 0.681451303125 0.8672354406249999 0.6740229906249999 0.8574338796875001 0.681451303125 0.8564021500000001 0.6835736640625 0.856917975 0.7090421328125001 0.86310851875 0.736632984375 0.8662037109374999 0.7440612953125 0.8564021500000001 0.7541425546875
1 0.8295767546875 0.7781013890625 0.831640215625 0.7781013890625 0.817195746875 0.8964236874999999 0.89302910625 0.889525959375 0.9079894796874999 0.7749178375 0.8295767546875 0.7781013890625
0 0.865687884375 0.816304103125 0.86929898125 0.8072840156250001 0.8775529078125001 0.797733340625 0.8744577140625 0.794549790625 0.8677513453125 0.7892438578125 0.8414417765625 0.792427409375 0.838862409375 0.7950803750000001 0.838862409375 0.79879453125 0.8357672171875 0.8194876734375001 0.8393783156250001 0.8343442796874999 0.856917975 0.8327525046875 0.865687884375 0.816304103125
0 0.88477518125 0.8704246546875 0.8765211765625001 0.8645880953124999 0.8698148078125 0.8629963 0.865687884375 0.8534456265625 0.8600132468749999 0.8507926609375 0.8440211421875 0.8773223203124999 0.8512434171875001 0.8927095312500001 0.8785847171875 0.8948318921875 0.88477518125 0.8863424484375001 0.88477518125 0.8704246546875
1 0.82080684375 0.893240115625 0.80687828125 0.9988281703125 0.8744577140625 0.996705790625 0.8945767421875 0.8937707218750001 0.82080684375 0.893240115625
0 0.8440211421875 0.92030038125 0.84195768125 0.9134026546875 0.8373148531249999 0.90968851875 0.8239021171875001 0.9107496875000001 0.8239021171875001 0.919239190625 0.8275132140625001 0.9298510546875001 0.8342195828125 0.9340958171875 0.8404100453125001 0.9303816406250001 0.8440211421875 0.92030038125
0 0.886322815625 0.9011990140625 0.8770370812499999 0.8969543124999999 0.87600535 0.9049132109375 0.8734259828125 0.9134026546875 0.8662037109374999 0.917116809375 0.8594973421875001 0.9181780406250001 0.8641402484375 0.9383405375 0.874973540625 0.9420547156250001 0.8832275453125 0.9309122249999999 0.8852910062499999 0.916586225 0.886322815625 0.9011990140625
0 0.830608484375 0.97760444375 0.8409259499999999 0.9722985109375 0.8538227828125 0.9722985109375 0.8641402484375 0.96221723125 0.8615608828125 0.9510747828125 0.8579497859374999 0.9457688515625 0.8507275125 0.9409935046875001 0.8409259499999999 0.9409935046875001 0.8342195828125 0.9425853 0.8202910187500001 0.9600948515625 0.817195746875 0.9696455453124999 0.8192592875000001 0.97760444375 0.830608484375 0.97760444375
0 0.9967196703125 0.5502305 1 0.543863396875 0.9992990359375 0.5136195609375 0.9982673046875 0.4982323703125 0.9833069312499999 0.4918652484375 0.9822752015624999 0.48762050625000003 0.9740212765624999 0.5125583703125 0.9822752015624999 0.53059856875 0.99052920625 0.5443939828125 0.9967196703125 0.5502305
0 1 0.015717796875000002 0.9982673046875 0.01253425625 0.987433934375 0.0565734765625 0.9951720343750001 0.07567482343750001 1 0.0804501703125 1 0.05179812968750001 1 0.03004381875 1 0.015717796875000002
0 0.9956879390625 0.1468564515625 0.997235575 0.137305796875 0.99878313125 0.12828568906249999 0.9998149406250001 0.1219185765625 0.9977514 0.12085738593749999 0.9967196703125 0.12085738593749999 0.9956879390625 0.119265609375 0.9941403031249999 0.1203268015625 0.9920768421874999 0.13306103593750002 0.9920768421874999 0.14473407968750002 0.9936243984375001 0.1495094171875 0.9956879390625 0.1468564515625
0 1 0.60659658125 0.9951720343750001 0.590678784375 0.9786641046875 0.5949235265625 0.9735053718750001 0.5986376828125 0.9704100999999999 0.6044742203125 0.9564815359375001 0.6315344656249999 0.952354534375 0.6485134515625 0.9575132671875 0.6628394703125 0.9802117390625 0.662308865625 0.9946562078125 0.6453299 0.9982673046875 0.6299426890625 1 0.615086084375 1 0.60659658125
0 1 0.565210315625 0.9992990359375 0.5609655734375 0.9879498390625001 0.56043496875 0.9802117390625 0.5599043828125 0.9848545671875 0.5657409 0.9869181093750001 0.58484226875 0.9946562078125 0.592270559375 0.9992990359375 0.5816586953125 1 0.565210315625
1 1 0.678385275 0.9528704390625 0.668227553125 0.934814875 0.7769991484375 1 0.785488671875 1 0.678385275
0 0.9900133015625 0.7350822781249999 0.99878313125 0.7409187953124999 0.9998149406250001 0.7318987265625 0.9998149406250001 0.7223480328125 0.9925926671875 0.712797359375 0.9776323734375 0.7005937203125 0.9683466390625 0.6952877875000001 0.964735540625 0.6857371046875 0.9544180750000001 0.7207562578125 0.9492593421875 0.7382658296875 0.9544180750000001 0.7520612640625 0.9781482 0.7419799859375 0.9900133015625 0.7350822781249999
1 0.9198545796875001 0.8905460796875 0.9941403031249999 0.8878931140624999 1 0.781243890625 0.9399736078125001 0.781774475 0.9198545796875001 0.8905460796875
0 0.951322803125 0.8725059046875 0.9559657109374999 0.8523433656250001 0.9569974406249999 0.8316502437500001 0.962156175 0.8263443125000001 0.9719577359375 0.8231607406249999 0.9864022046875001 0.8220995703125 0.989497475 0.8146712984375 0.9884656656249999 0.8051205843749999 0.9853704734375001 0.7987535015625 0.9616402703125001 0.7976922703125 0.9487434374999999 0.802998203125 0.9411091062500001 0.8044791921875 0.9332672390625 0.8321808296875 0.9291402359375001 0.8629552500000001 0.9353307796875001 0.8740976984375 0.951322803125 0.8725059046875
1 0.9159561093749999 0.8934085859374999 0.8992196484375 0.9988692406249999 0.9652513671875 0.9914409281250001 0.9843387421875001 0.8911588265624999 0.9159561093749999 0.8934085859374999
0 0.9760847375000001 0.9320144859375 0.9766006421875 0.9187496765625 0.971441909375 0.9081377921874999 0.958545078125 0.90442365625 0.945132340625 0.9023012749999999 0.9389418765625 0.90389305 0.9306878734374999 0.90919898125 0.9291402359375001 0.9155661453124999 0.9224339468749999 0.9267085546875 0.9301720453125 0.9357286421875 0.9606085390624999 0.9394428390625 0.9698942734375 0.9394428390625 0.9760847375000001 0.9320144859375
0 0.960092634375 0.9781760984375 0.964735540625 0.9744619406249999 0.960092634375 0.9622583015625 0.950806978125 0.9548300093750001 0.9446164359375 0.9505852484374999 0.934814875 0.9468711109375001 0.93378314375 0.9484628875000001 0.9291402359375001 0.960135940625 0.9291402359375001 0.9734007703125 0.9461640703124999 0.9834820296875 0.960092634375 0.9781760984375
1 0.641810559375 0.526118825 0.6300066796875 0.648159653125 0.7150254687500001 0.6545894078125001 0.7237773609375 0.5298521703125 0.641810559375 0.526118825
0 0.671890946875 0.644944775 0.6812680140625 0.6301563921875 0.674391459375 0.60893815625 0.66814008125 0.598007615625 0.66814008125 0.5915778125 0.66313900625 0.585791021875 0.656887628125 0.585791021875 0.6512613765624999 0.588362934375 0.6500111203125 0.61151004375 0.656887628125 0.6282274203125 0.6606384453125 0.64108693125 0.671890946875 0.644944775
0 0.711274603125 0.5748604578125 0.7144002921875 0.559429034375 0.712524859375 0.5536422453125 0.7025227109375 0.546569525 0.6937707234375 0.543354646875 0.685643959375 0.5420686906250001 0.6775171484375 0.54013976875 0.6787674531250001 0.562000946875 0.6968964125 0.5703596234375 0.7050232249999999 0.5761463890625 0.711274603125 0.5748604578125