1 0.23040008906249998 0.28668247187499996 0.225102603125 0.5368564078125 0.377803321875 0.5276143328125 0.3791140859375 0.2811583890625 0.23040008906249998 0.28668247187499996
0 0.35027788437499996 0.475242415625 0.3522439578125 0.4660003421875 0.33061684375 0.439300921875 0.32668464531249997 0.4382740375 0.31095580312500004 0.4382740375 0.3103004453125 0.439300921875 0.2880179234375 0.46189272656249997 0.30309135781249996 0.48345760625 0.33061684375 0.48037691562499996 0.35027788437499996 0.475242415625
1 0.2271227046875 0.52815336875 0.22706867812499998 0.7812586015625 0.378458678125 0.7822854859375 0.378458678125 0.5276143328125 0.2271227046875 0.52815336875
0 0.333238325 0.6046318203125 0.34896711874999997 0.6015510890625 0.3522439578125 0.5923090140625 0.3522439578125 0.5758785921875 0.3476564015625 0.5697172875 0.32602923906250003 0.5645827875 0.3076789640625 0.5625289046875 0.30309135781249996 0.5645827875 0.287362565625 0.573824825 0.2939162453125 0.5933358984375 0.31947555781250003 0.6025780125 0.333238325 0.6046318203125
1 0.377803321875 0.28629288750000004 0.3764926046875 0.5358295234375 0.534436334375 0.526587409375 0.5324702109375 0.282185253125 0.377803321875 0.28629288750000004
0 0.45054915937500006 0.45162372812499996 0.447927728125 0.4772962234375 0.4544814078125 0.4978342203125 0.46955484218750004 0.5091301421875001 0.47938536249999997 0.513237796875 0.49839109375 0.513237796875 0.5056000828125 0.48653833750000003 0.50953233125 0.4660003421875 0.5147752953125 0.45059684375 0.5213289750000001 0.42287053906249994 0.5226396906249999 0.40438634999999995 0.5219842828125 0.38179454687500003 0.5167413187500001 0.3581758578125 0.5069107984375 0.34379924375000004 0.4918374140625 0.335584053125 0.47414239843750006 0.34379924375000004 0.46309436249999997 0.358609971875 0.449893803125 0.3910366203125 0.45054915937500006 0.4156822328125 0.45841360625 0.43313953906249997 0.45054915937500006 0.45162372812499996
1 0.385012359375 0.526587409375 0.3787017203125 0.52815336875 0.377803321875 0.790500715625 0.53509164375 0.7863931 0.5370577671875 0.5317219078125001 0.385012359375 0.526587409375
0 0.47021024999999994 0.6724072328124999 0.49576956250000004 0.6734341171875 0.5121537625 0.6693265015625001 0.5206735671875 0.6467347765625 0.5226396906249999 0.62106228125 0.5213289750000001 0.594362821875 0.50953233125 0.5666365171875001 0.503633959375 0.5563675203125 0.4846283265625 0.54712540625 0.47479780624999995 0.5460985218750001 0.464311928125 0.551233021875 0.4577582484375 0.559448290625 0.440718640625 0.5892283218750001 0.44858308593749996 0.6272235859374999 0.457102840625 0.65803061875 0.47021024999999994 0.6724072328124999
1 0.6825494453125 0.284239040625 0.6871370015625 0.5358295234375 0.836560928125 0.5337757937500001 0.830007246875 0.28834665625 0.6825494453125 0.284239040625
0 0.7821923843749999 0.47436054375000003 0.7811834296875 0.5075582062499999 0.7832012625 0.5170432265625 0.7922813171875001 0.5217857671874999 0.8069102421875 0.5194145125 0.8129635859375 0.5083486140625 0.81548581875 0.49174976875 0.8139724640624999 0.456971290625 0.8114502296874999 0.43404908593749997 0.8079191187499999 0.41191732031250006 0.809432475 0.39531850468749996 0.8099369515625 0.37634840468749997 0.7953079515625 0.35658789375 0.78168790625 0.3510549453125 0.7660500265625 0.34789329687500004 0.752934459375 0.35184539843749996 0.7557698421875 0.3580652671875 0.74788999375 0.3795100984375 0.7599966828125 0.418240678125 0.7771479171875 0.44037244375 0.78168790625 0.456971290625 0.7821923843749999 0.47436054375000003
1 0.6883652671875 0.5281091250000001 0.6898785828125 0.78104365 0.8341503328125001 0.7676065265625 0.8336459312500001 0.529689971875 0.6883652671875 0.5281091250000001
0 0.8164946984375 0.599246959375 0.8240613984375 0.5850193984375001 0.8240613984375 0.56446845 0.8144769421875001 0.5486600421875 0.7862278953125 0.5352228890624999 0.767563384375 0.537594175 0.760501159375 0.55024095 0.7645367484375 0.5534025812500001 0.765042378125 0.5535082171875 0.7544478156250001 0.5723726546875 0.7524299812499999 0.5921331640624999 0.775130084375 0.607941571875 0.7983346625000001 0.6087320109375 0.8164946984375 0.599246959375
1 0.834654809375 0.52889953125 0.8326370531249999 0.7723490359375 0.919906271875 0.7668160562499999 0.9178885156250001 0.5312707875 0.834654809375 0.52889953125
0 0.860381621875 0.5786960109375 0.8497882109375 0.570001459375 0.8376815203125 0.557354684375 0.8341503328125001 0.5636780406249999 0.8321325765625 0.5810672968749999 0.8386903984374999 0.64904346875 0.8432303875 0.6514146921874999 0.8497882109375 0.6514146921874999 0.8765239015624999 0.6522051015625 0.90023288125 0.644300896875 0.9022506375000001 0.6197978765625 0.8992240015625 0.597666171875 0.8876217125 0.5842289593750001 0.8845950015625 0.5810672968749999 0.8724883125 0.57948645 0.860381621875 0.5786960109375