1 0.0208548609375 0.1398082859375 0.10308572187500001 0.5513310328125 0.30523683125 0.5164562265625 0.2247189578125 0.0944710640625 0.0208548609375 0.1398082859375
0 0.01742849375 0.565280940625 0.0414125421875 0.5548185265625001 0.0722491984375 0.54261233125 0.0945199984375 0.528662421875 0.08766739375 0.5129687328125 0.0756754328125 0.49378754999999996 0.058543987500000005 0.45891274375 0.049978265625000004 0.448450328125 0.008995462499999999 0.410468921875 0.0037234156249999996 0.5670246546875 0.0054365343750000005 0.568768434375 0.01742849375 0.565280940625
0 0.08766739375 0.431012925 0.10822520625000001 0.48158142187499997 0.1527669390625 0.507737525 0.1801772265625 0.5234311484374999 0.2521293765625 0.5304061359375 0.27782654375 0.5164562265625 0.289818503125 0.5094812375 0.2949579890625 0.4606565234375 0.2761132953125 0.422294225 0.2589818484375 0.373469509375 0.2452767703125 0.329876003125 0.2367110484375 0.2636138859375 0.2367110484375 0.2200204109375 0.221292721875 0.20781415 0.15961954218750002 0.2060704359375 0.10479883906250001 0.22525155312499998 0.097946365625 0.23745778125 0.061970225000000004 0.2653575984375 0.060257106250000005 0.338594703125 0.0756754328125 0.3909069125 0.08766739375 0.431012925
1 0.2317412328125 0.1007633609375 0.3103761859375 0.518199940625 0.5245192546874999 0.4606565234375 0.44228839531249997 0.0595962578125 0.2317412328125 0.1007633609375
0 0.4302963046875 0.36823830156250004 0.461132959375 0.3263885078125 0.461132959375 0.2793075078125 0.4559934734375 0.2287391125 0.44742775156250003 0.18165804531250002 0.42858318593750006 0.1572456890625 0.3737626125 0.176426903125 0.33093399843750004 0.2008391953125 0.30866306718750003 0.2182765984375 0.313802553125 0.22525155312499998 0.27782654375 0.2827950015625 0.3035237125 0.34905711875 0.3446390765625 0.37521322343749997 0.4302963046875 0.36823830156250004
1 0.409738621875 0.49901882343750004 0.461132959375 0.490300121875 0.5108141765624999 0.47635014687500005 0.51766678125 0.4676314453125 0.5125272953125 0.43450042031249997 0.4919696125 0.422294225 0.46627244531249995 0.41706301718749994 0.4302963046875 0.4031131078125 0.411451740625 0.3856757046875 0.368623128125 0.37521322343749997 0.3497785640625 0.373469509375 0.339499721875 0.369982015625 0.313802553125 0.4240379390625 0.3206551578125 0.4624002375 0.3429259578125 0.4885563421875 0.409738621875 0.49901882343750004
1 0.441636284375 0.0549618328125 0.5245192546874999 0.47635014687500005 0.7386624562499999 0.4379879125 0.6461526234375 0.029952660937499997 0.441636284375 0.0549618328125
0 0.577626840625 0.329876003125 0.6067502453125 0.30895110468750003 0.6101764828125 0.2618701046875 0.6067502453125 0.23397028749999998 0.5981845234375001 0.1886330328125 0.5759135921875 0.1380645390625 0.5467901875 0.10318976718749999 0.5125272953125 0.099702271875 0.5091010578125 0.12411469687500001 0.497322728125 0.1247546359375 0.49539584999999997 0.20781415 0.5022484546875 0.2740763 0.5091010578125 0.3141823125 0.577626840625 0.329876003125
0 0.6889812375 0.44496283437499995 0.7061125515625 0.42578171875 0.6975468296875 0.3420821984375 0.6787022656249999 0.291513703125 0.6581445828125 0.2723325859375 0.6255948109375 0.3019761171875 0.6067502453125 0.32813222343750004 0.5844793140625 0.34731340624999996 0.5536427921875 0.363007028125 0.5382244640625 0.369982015625 0.5313718609375 0.373469509375 0.5159535328125 0.3978818328125 0.579339959375 0.44670661562499997 0.6478657421875 0.4519378234375 0.6889812375 0.44496283437499995
1 0.6493895515625 0.033151582812500004 0.7386624562499999 0.4432191203125 0.9493792875 0.4031131078125 0.8431641171875001 0.0003090625 0.6493895515625 0.033151582812500004
0 0.824319684375 0.23745778125 0.824319684375 0.1868892859375 0.8054749890625 0.1485269859375 0.78491730625 0.1206271359375 0.7540806515625 0.0927273171875 0.7181047734375 0.08226486875 0.700973328125 0.0927273171875 0.7198177609374999 0.20955789687499998 0.731809721875 0.2618701046875 0.750654415625 0.288026209375 0.802048753125 0.2740763 0.824319684375 0.23745778125
0 0.848303603125 0.4135755234375 0.88256649375 0.4100880296875 0.894558453125 0.40136932812500004 0.9048374265625 0.35603210625 0.8962717031249999 0.333363496875 0.8757140187499999 0.31592609375 0.8191801984374999 0.3124386 0.796909265625 0.3072073921875 0.7780648328125 0.29848869218749996 0.7386624562499999 0.338594703125 0.7420886921875 0.38741941875 0.793483028125 0.40660053593749995 0.848303603125 0.4135755234375
1 0.9476660390625 0.27756379375 0.9596579984375 0.3368509234375 0.966510734375 0.364750809375 0.9836421796874999 0.3717257296875 0.9870684171875 0.3420821984375 0.990494653125 0.2793075078125 0.992207903125 0.2287391125 0.990494653125 0.1990954484375 0.961371246875 0.176426903125 0.9647974843749999 0.14503952656250002 0.968223721875 0.11539599375000001 0.9442398015625001 0.04215885625 0.92710835625 0.0160027515625 0.8911322171875 0.017746465625 0.8774270078124999 0.0316964078125 0.8740007703125 0.0334401546875 0.8671482968750001 0.03518386875 0.892845465625 0.11365217968750001 0.9099769109375 0.17119563124999998 0.93396083125 0.22525155312499998 0.9476660390625 0.27756379375
0 0.8517298390624999 0.017746465625 0.942526553125 0.39962561406249997 1 0.3891631328125 0.9956341390624999 0 0.8517298390624999 0.017746465625