1 0.0638334390625 0.05471875625 0.057377718749999994 0.5526682875 0.305462840625 0.53525746875 0.305462840625 0.023379290625 0.0638334390625 0.05471875625
0 0.2538168703125 0.4412390046875 0.264883909375 0.41338171875 0.2611948953125 0.3820421859375 0.23906088906249998 0.36463136406249996 0.20124866406250003 0.35766707656249996 0.18649268125000001 0.34373843125 0.15698064843749998 0.38378330781250003 0.1662031453125 0.4412390046875 0.20124866406250003 0.45516765000000003 0.2538168703125 0.4412390046875
1 0.0546109421875 0.5404807015624999 0.048155221875 1 0.302696134375 0.99838535625 0.3017738984375 0.5404807015624999 0.0546109421875 0.5404807015624999
0 0.23998312500000002 0.702401459375 0.2556614109375 0.6867315609375 0.264883909375 0.6571332187500001 0.2611948953125 0.6275348078125 0.235371875 0.6101239859375001 0.2141601734375 0.6014185765625 0.192026165625 0.5944542203125 0.1901816234375 0.5840077546875 0.1698921578125 0.622311575 0.1643586734375 0.6606153296875 0.20124866406250003 0.6936960484375 0.23998312500000002 0.702401459375
1 0.3146853375 0.028602525 0.3100740890625 0.5561504671875 0.5756820406250001 0.53699865625 0.5683040140625 0.0251203796875 0.3146853375 0.028602525
0 0.43734458125 0.3454794875 0.4262776125 0.38378330781250003 0.419821821875 0.41164059531249997 0.4262776125 0.45168547031250006 0.44195582968749997 0.5021768796875 0.45947858906250005 0.5213287578125 0.47884581875 0.5282932453125 0.5102023234375 0.517846646875 0.5378698156249999 0.4725784703125 0.545247771875 0.40641736249999993 0.5369475796875001 0.3472205421875 0.53233633125 0.3245864875 0.5443255359375 0.2862826671875 0.564615071875 0.24449673593750001 0.56645954375 0.2183804703125 0.541558828125 0.16614800624999998 0.525880540625 0.150478275 0.5009798265625001 0.1208798984375 0.47054555625 0.113915575 0.44195582968749997 0.140031775 0.42904431875000004 0.159183684375 0.43642234531249996 0.1539604515625 0.4207440578125 0.23405020312499997 0.419821821875 0.28802378906250004 0.431811096875 0.335033021875 0.43734458125 0.3454794875
1 0.3046235234375 0.5383275281250001 0.2990071203125 1 0.5710707921875 0.989679946875 0.5747598046875 0.5404807015624999 0.3046235234375 0.5383275281250001
0 0.4401113578125 0.7981609109375001 0.4438003015625 0.831241365625 0.473312334375 0.8434290203125 0.5065133109375 0.832982553125 0.5249583046875 0.81557173125 0.5387920515625 0.7842322015625001 0.545247771875 0.763339334375 0.555392575 0.7111068703125001 0.55447026875 0.6762852265625 0.5507813265625 0.6432045078125 0.5387920515625 0.618829396875 0.52034705625 0.5892311203125 0.5092800875 0.5718202984375 0.500057590625 0.5631148890625 0.46870108593750004 0.5665969328125 0.44933385625 0.5840077546875 0.43365556875 0.5944542203125 0.4216663625 0.646686684375 0.42351083437500003 0.7058835046875 0.42996655468749995 0.7546339234375 0.4401113578125 0.7981609109375001
1 0.8293007875 0.05471875625 0.8514347250000001 0.5404807015624999 1 0.5404807015624999 0.9971502109375001 0.061683110937499994 0.8293007875 0.05471875625
0 1 0.23405020312499997 0.9980723765624999 0.20096965 0.9814719937499999 0.1731123609375 0.9740939671875 0.16963025 0.9722494968750001 0.17659450625 0.9372039781250001 0.20445189375 0.9335148953125 0.2427556140625 0.9528821953125 0.2636486125 0.95841575 0.2897648453125 0.959337915625 0.328068665625 0.978705215625 0.3489616640625 0.9870054078124999 0.3507027203125 1 0.3298097203125 1 0.300211378125 1 0.23405020312499997
1 1 0.54222175625 0.842212228125 0.5404807015624999 0.8366786734374999 1 1 1 1 0.54222175625
0 1 0.5927131640625001 0.9962279046875 0.5822666328125 0.97962738125 0.57530234375 0.94550416875 0.580525709375 0.9132254281250001 0.5822666328125 0.8791022171874999 0.5909720421875 0.8643461640625001 0.5996774546875 0.8578904453125 0.6275348078125 0.8514347250000001 0.6710618609375001 0.8569682796875 0.702401459375 0.884635771875 0.7337407921875 0.918758984375 0.7441873250000001 0.960260221875 0.7441873250000001 0.9759384390625 0.7441873250000001 0.982394159375 0.738964025 0.990694490625 0.7337407921875 0.9962279046875 0.7198122812500001 0.9989946812499999 0.6728029156249999 1 0.6066419421875 1 0.5927131640625001