1 0.17279308437500002 0.3714815171875 0.1693072859375 0.62508535 0.31620788437499997 0.61918764375 0.3231794453125 0.3571584015625 0.17279308437500002 0.3714815171875
0 0.266411071875 0.602336890625 0.286329796875 0.602336890625 0.2928033984375 0.5930689250000001 0.296289159375 0.570320403125 0.2957911984375 0.5500994859375 0.278860275 0.534933815625 0.26690906875 0.5281935203125 0.2554557875 0.5239808328125 0.24499846406249998 0.5239808328125 0.2435045453125 0.51976814375 0.22906346093750002 0.5543121734375 0.2265736203125 0.5821159406249999 0.245994384375 0.5989666625 0.266411071875 0.602336890625
1 0.16821665 0.6177517531250001 0.16034388125000001 0.88471743125 0.3117262015625 0.8805047437500001 0.3127221234375 0.6235307 0.16821665 0.6177517531250001
0 0.2693989109375 0.7086269875 0.281350115625 0.7060993812499999 0.2933013578125 0.70104416875 0.2992769984375 0.6867210218750001 0.297783078125 0.6740829578125 0.2893176359375 0.6589172859375 0.28383995624999997 0.6471217453125 0.278860275 0.63869636875 0.2589415484375 0.629428453125 0.243006584375 0.629428453125 0.23653298281250001 0.6344836828125 0.23503910156250002 0.63869636875 0.229561459375 0.66902774375 0.231055340625 0.684193415625 0.25047610625 0.7002016109375 0.2693989109375 0.7086269875
1 0.4730678828125 0.3596207765625 0.4755577234375 0.6208074453125 0.63341360625 0.61238206875 0.6319196875 0.34866779375 0.4730678828125 0.3596207765625
0 0.5756492734374999 0.5432940390625001 0.594572078125 0.547506728125 0.60702128125 0.5365536796875 0.6129968828125001 0.517175321875 0.6134948812500001 0.5028521765625 0.6085152 0.483473815625 0.5990538359375 0.4666230640625 0.5856086359375 0.462410375 0.576147271875 0.4708357515625 0.5632000703125 0.48852909375 0.5651919890625 0.513805221875 0.5671838296875 0.5272857484375 0.5756492734374999 0.5432940390625001
1 0.47638559062499997 0.620913225 0.471075965625 0.8838748437499999 0.6299278453125 0.8754494671874999 0.63341360625 0.618475503125 0.47638559062499997 0.620913225
0 0.574653353125 0.7322180671875 0.5851107140625 0.7355881984375 0.6055273609375 0.7381158046875 0.6115030406249999 0.73306059375 0.6129968828125001 0.7145247578125 0.6120009625 0.681665809375 0.6080172015625 0.6622874171875 0.606025359375 0.6580747296875 0.6000497578124999 0.650491909375 0.5876005546874999 0.648806828125 0.576147271875 0.6547045984375 0.5706695921875 0.6732404328125 0.571167590625 0.6968314796875 0.57017166875 0.7187374453125 0.574653353125 0.7322180671875
1 0.8106390906250001 0.3479312 0.8110428796875 0.35407955625 0.8199256921875 0.6136765890625 0.9806240265625 0.602746171875 0.9664922625000001 0.348614353125 0.8106390906250001 0.3479312
0 0.9010823921875 0.5289659703125 0.9119840265624999 0.5337480265625001 0.9281346156250001 0.532381721875 0.9487266406250001 0.5173524140625 0.9511492531249999 0.48114546562499994 0.949937946875 0.47772971406250003 0.9366136984375 0.4640667140625 0.9204631109375001 0.46270042031249997 0.9156179468750001 0.4647498921875 0.912387815625 0.46748246406250005 0.9026974875 0.49070956250000003 0.8893732406250001 0.503006271875 0.8889694515625 0.5207681640625 0.9010823921875 0.5289659703125
0 0.9446889921875 0.5924989218750001 0.9543793203125001 0.583617975 0.9547831109375 0.56175716875 0.9483228515625 0.5583414171875 0.9301534390624999 0.5556088328125 0.9216744171875 0.5556088328125 0.9208669 0.557658278125 0.9127916046875001 0.5685886703125 0.9127916046875001 0.5802022250000001 0.916829253125 0.5884000312500001 0.9446889921875 0.5924989218750001
1 0.820733209375 0.6143597296875 0.8239633390625001 0.888461559375 0.9850654640625001 0.8795806140625 0.9798165093750001 0.6083700171875 0.820733209375 0.6143597296875
0 0.9103689921875 0.6917143296875 0.9273270984374999 0.699228984375 0.9450927828125 0.7046941796875 0.9519567703125 0.704011053125 0.9608395812499999 0.6951300812500001 0.96326219375 0.6671209250000001 0.9588207578124999 0.6561905218749999 0.9487266406250001 0.6336465812500001 0.9422663796874999 0.63023083125 0.92894219375 0.62886451875 0.914406640625 0.6315971171875 0.9135991234375 0.632963415625 0.9014861812499999 0.6391117703125 0.8885657234375 0.6698535484375 0.8942184046874999 0.679417621875 0.9103689921875 0.6917143296875