1 0.0352199375 0.0747501140625 0.0629335140625 0.085448225 0.0415772671875 0.0807314921875 0.0220229875 0.48662709687500005 0.1843455234375 0.488410084375 0.2015014984375 0.0783161265625 0.0352199375 0.0747501140625
0 0.0470972125 0.42065544531250004 0.05237601562500001 0.45453280156250003 0.0985653421875 0.4634478859375 0.13023794375 0.46523087656250006 0.1632303234375 0.479495 0.1711485734375 0.45096675468749997 0.1711485734375 0.40460826250000004 0.1671894484375 0.3564668515625 0.1539924953125 0.32972159375 0.13419706874999998 0.31545740312500004 0.11836076874999998 0.2780140671875 0.12627891875 0.2370046859375 0.1328773953125 0.1995613171875 0.1368364203125 0.171033034375 0.12231979374999999 0.144287775 0.0985653421875 0.138938703125 0.0550153640625 0.21382550781249998 0.053695689062499996 0.27623108125 0.05237601562500001 0.32972159375 0.0497365640625 0.3832121109375 0.0470972125 0.42065544531250004
1 0.3532664359375 0.10862743281250001 0.200510946875 0.093899584375 0.17906672343750002 0.4919761359375 0.333471009375 0.5026742125 0.338749809375 0.3136744109375 0.3532664359375 0.10862743281250001
0 0.22690485 0.420191725 0.230863875 0.46476715312500005 0.26121690000000003 0.48438038125 0.299488078125 0.48616337343750005 0.312685028125 0.48616337343750005 0.32192285625 0.4772482875 0.3232425296875 0.4094936484375 0.31796383125 0.3898804828125 0.3021274296875 0.35065409375 0.286291128125 0.30964470781250003 0.282332003125 0.27576735625 0.273094175 0.23654096249999998 0.26253657656249996 0.204446665625 0.229544196875 0.1866164953125 0.19787149531249998 0.2454560515625 0.19787149531249998 0.28824849218750004 0.19787149531249998 0.35243708125 0.2057897453125 0.3773993515625 0.22690485 0.420191725
1 0.35095620625 0.10816374531249999 0.33511980625 0.5039935468750001 0.5000816921875 0.5111256390625 0.506680165625 0.1045977625 0.35095620625 0.10816374531249999
0 0.35755468281249997 0.47011625781250005 0.369431859375 0.49151241093750003 0.456531815625 0.4950784578125 0.48292571406249996 0.49864464374999995 0.4882044171875 0.45941811406250005 0.48688473906249996 0.42197477968749997 0.4459742125 0.38453137656249997 0.4393757359375 0.3702672546875 0.485565065625 0.35778611875 0.460490840625 0.3149937453125 0.4459742125 0.290031478125 0.4354166109375 0.24189 0.42485911249999997 0.21692780156249997 0.40902271093750003 0.2115787625 0.381309134375 0.26863525781250003 0.36811218125 0.31855979687499997 0.36151370781250003 0.398795571875 0.35755468281249997 0.47011625781250005
1 0.5035472375000001 0.10749330937499998 0.5000816921875 0.5164748171875 0.6571255296875 0.51290863125 0.655805753125 0.11351285156249999 0.5035472375000001 0.10749330937499998
0 0.5132786421875 0.38274838906249997 0.5555089468750001 0.398795571875 0.5832225234374999 0.38274838906249997 0.5911406734375 0.32747488125 0.597739146875 0.27755034375 0.620173925 0.2615032328125 0.642608803125 0.24902209687500002 0.6188542515625 0.191965534375 0.564746771875 0.170569346875 0.5370331937499999 0.170569346875 0.53307406875 0.1830504453125 0.5225165671875 0.2222768390625 0.51195896875 0.2953805171875 0.506680165625 0.3542201390625 0.5132786421875 0.38274838906249997
0 0.5093196171875001 0.48616337343750005 0.5396725453125 0.5093426531249999 0.6122557750000001 0.520040728125 0.6267724015625 0.5182577375 0.6360103265625 0.4772482875 0.642608803125 0.41127663593749997 0.6386496765625 0.3720503140625 0.6254527234375 0.348871034375 0.6175345734375 0.3542201390625 0.6082967484374999 0.359569178125 0.576624046875 0.395229521875 0.5449513453125 0.42554083125000003 0.506680165625 0.4469369828125 0.5093196171875001 0.48616337343750005
1 0.658445103125 0.12064484375 0.658445103125 0.5182577375 0.8102100374999999 0.5289558140625 0.7996524359375 0.1188618171875 0.658445103125 0.12064484375
0 0.6782405296875 0.37561629218750003 0.6927572546875 0.38453137656249997 0.7217905078125 0.3791823390625 0.741585934375 0.3060786609375 0.7442252828125 0.2615032328125 0.745545059375 0.22405983125 0.737626809375 0.209795703125 0.7099133328125 0.1812674234375 0.6874783546875001 0.17413536093749998 0.6718363015625 0.183318465625 0.6835194296875 0.25258814375 0.684839003125 0.28824849218750004 0.6782405296875 0.32747488125 0.6782405296875 0.37561629218750003
0 0.7138722578125 0.5111256390625 0.741585934375 0.5182577375 0.7732585359375 0.5146916906250001 0.7785374359375 0.5004275640625 0.7838161343750001 0.45941811406250005 0.7864554859374999 0.43802189374999995 0.7758980875 0.4184087328125 0.7336676828125 0.40771065625 0.716511809375 0.40592759687499996 0.70727378125 0.400578559375 0.7006753046875 0.3970125125 0.6742814046875 0.42197477968749997 0.675601178125 0.4736822375 0.69803595625 0.5004275640625 0.7138722578125 0.5111256390625
1 0.8062509125 0.1152958046875 0.8088904640625 0.11707883125 0.815488940625 0.5343049875 0.9593356234374999 0.527172821875 0.9434993234375 0.131343021875 0.8062509125 0.1152958046875
0 0.8761947937500001 0.400578559375 0.9131462953125 0.3684842625 0.9210645453125 0.3310408609375 0.9118265203125 0.27755034375 0.89203109375 0.2561541953125 0.8682767421875001 0.22762587656250002 0.8392432890625001 0.20266367812500002 0.8234069875 0.21692780156249997 0.8273661125 0.3060786609375 0.832644815625 0.363135225 0.8379237140625 0.3970125125 0.8761947937500001 0.400578559375
0 0.9157856453125 0.521823715625 0.9342614984375001 0.523606775 0.9632947484375001 0.5111256390625 0.961974971875 0.47546529687500005 0.950097796875 0.4522860890625 0.923703896875 0.43802189374999995 0.8867523921875 0.43802189374999995 0.8563993671875 0.44337099999999996 0.8260463390625 0.4576351265625 0.8247267656249999 0.49864464374999995 0.857719140625 0.5182577375 0.9157856453125 0.521823715625