1 0.3059457671875 0.14503112499999998 0.2924951203125 0.3675348734375 0.5032224125 0.3581067484375 0.507705990625 0.1337173671875 0.3059457671875 0.14503112499999998
0 0.4684748359375 0.3354792375 0.4763210328125 0.31662298906249997 0.47407928593750004 0.293995478125 0.45726593437499996 0.2864529484375 0.42924368125 0.2807960890625 0.41130945625 0.2807960890625 0.4079467515625 0.3090804609375 0.4180347796875 0.3392505015625 0.45278235625 0.3354792375 0.4684748359375 0.3354792375
0 0.5884100453125 0.341136096875 0.6545425796875 0.3430216921875 0.689290240625 0.33359357031250003 0.6971364390625 0.2977667421875 0.6915319875 0.2430835921875 0.679202128125 0.195942971875 0.6500590875000001 0.1827436203125 0.5973772 0.178972428125 0.549178890625 0.178972428125 0.52900291875 0.205371096875 0.5301237921874999 0.28268175625 0.549178890625 0.32605111249999996 0.5884100453125 0.341136096875
1 0.5047645484375 0.14198113437499998 0.50546424375 0.36187794218749997 0.7049826343750001 0.3769629984375 0.70610359375 0.15068805624999998 0.5047645484375 0.14198113437499998
1 0.8350059578125 0.16200173906249998 0.705156925 0.15141509687500002 0.70610359375 0.3788485921875 0.9134682671875 0.3694204703125 0.90113840625 0.1808579890625 0.8350059578125 0.16200173906249998
0 0.76775255 0.2713679640625 0.7632688875 0.229884203125 0.7430930015625 0.1902861109375 0.7206752 0.20159986718749998 0.7184332828125 0.205371096875 0.7195542406250001 0.2713679640625 0.7274004374999999 0.3034236 0.7509391984375 0.29965233593749996 0.76775255 0.2713679640625
0 0.8753579 0.34679295625 0.882083309375 0.33359357031250003 0.8888087171875 0.29965233593749996 0.8876877593750001 0.2355411359375 0.8775998171875001 0.205371096875 0.846214859375 0.195942971875 0.78232415625 0.1902861109375 0.7722360421875 0.18840055312499998 0.7711152546875 0.231769871875 0.79801655 0.293995478125 0.8350059578125 0.3317079734375 0.8753579 0.34679295625
1 0.0974602203125 0.3882767171875 0.0907348984375 0.607009165625 0.2913741609375 0.6013523078125 0.2969786125 0.3769629984375 0.0974602203125 0.3882767171875
0 0.22299988124999998 0.5824960578125 0.2364506140625 0.55044049375 0.22972520468750002 0.5183848578125 0.212911853125 0.4806723625 0.182647853125 0.454273584375 0.1558295703125 0.4462264171875 0.150142021875 0.5108423296875 0.15686734687499998 0.5711823375 0.191615009375 0.5824960578125 0.22299988124999998 0.5824960578125
0 0.28016525937500003 0.525927315625 0.28576971093750003 0.4825579578125 0.28240709218750004 0.452387990625 0.25214300624999997 0.427874809375 0.2308461640625 0.418446684375 0.2061865296875 0.42033235312499995 0.1994612046875 0.4316460734375 0.21739543125 0.4825579578125 0.24429681093750003 0.5127279265625 0.2667146125 0.525927315625 0.28016525937500003 0.525927315625
1 0.7094662984375 0.4090185625 0.7083453390625001 0.6107804296875 0.9157100125 0.603237975 0.908984603125 0.4052473703125 0.7094662984375 0.4090185625
0 0.7845659031250001 0.55044049375 0.7711152546875 0.529698721875 0.7587853953125 0.529698721875 0.7486974531249999 0.5768393421875 0.7699942953125001 0.607009165625 0.7890493953125 0.5843817265625 0.7845659031250001 0.55044049375
0 0.9033801531250001 0.5749536015625 0.8966549140625 0.5485549703125 0.8742371125 0.5485549703125 0.85966550625 0.573067934375 0.8708744078124999 0.5994667109375 0.8910504640625 0.6013523078125 0.9033801531250001 0.5749536015625
1 0.08295961562500001 0.6372641531250001 0.07728416406250001 0.85591165625 0.283527965625 0.8728823078125 0.28576971093750003 0.6447216625000001 0.08295961562500001 0.6372641531250001
0 0.24429681093750003 0.8427123390625001 0.2555057125 0.8219704968749999 0.25214300624999997 0.797457315625 0.218516303125 0.7861435250000001 0.1759225296875 0.7786010671875 0.1680762484375 0.8068854390625001 0.17480165625 0.8351698109375001 0.21963726249999999 0.8370554078125 0.24429681093750003 0.8427123390625001
1 0.2889573734375 0.6490566062500001 0.2846488375 0.8691111171875001 0.49649708906249995 0.8785392390625001 0.49985979374999995 0.6484929265625 0.2889573734375 0.6490566062500001
0 0.471837540625 0.838941003125 0.471837540625 0.8219704968749999 0.45838680781249996 0.797457315625 0.4135512015625 0.7880291921875 0.38552895 0.797457315625 0.35862756875 0.812542371875 0.3698364703125 0.848369128125 0.4438152875 0.8540260609375 0.471837540625 0.838941003125
1 0.49425534375 0.6616924578125001 0.4976179625 0.6616924578125001 0.49985979374999995 0.8785392390625001 0.7105870859375 0.884196028125 0.7117080437500001 0.6560354546875 0.49425534375 0.6616924578125001
0 0.6971364390625 0.863454184375 0.7105870859375 0.8408267437499999 0.7083453390625001 0.8068854390625001 0.6735976765625 0.8012285796875 0.601860778125 0.7880291921875 0.55926691875 0.7899147890625 0.5482062515624999 0.7929245296875 0.5346073703124999 0.8257416890625 0.5480580171875 0.848369128125 0.6646306921875 0.863454184375 0.6971364390625 0.863454184375
1 0.7094662984375 0.65980671875 0.7150707484375001 0.8766535 0.9201935046875 0.8596829921875001 0.9235562093749999 0.65980671875 0.7094662984375 0.65980671875
0 0.88992950625 0.85591165625 0.9067428578125 0.8295128796875 0.8955339562500001 0.8087710359375 0.8551820140625 0.7993429109375 0.8069837046874999 0.7899147890625 0.8002582953124999 0.793686196875 0.78344494375 0.827627284375 0.8002582953124999 0.8521404640625001 0.8551820140625 0.86533978125 0.88992950625 0.85591165625
0 0.0784050375 0.33359357031250003 0.0907348984375 0.29965233593749996 0.0840094890625 0.28456735312500003 0.0481410375 0.27325363281250004 0.0257232359375 0.27891049218749997 0.0201187859375 0.28268175625 0.003305434375 0.3090804609375 0.011151629687500001 0.34679295625 0.060470812500000005 0.341136096875 0.0784050375 0.33359357031250003
0 0.0391738828125 0.8238560921875001 0.041415715625 0.80311431875 0.0335694328125 0.784258071875 0.0257232359375 0.774829946875 0.026844109375 0.7767154 0.0044263078125 0.7804866640625 0 0.8087710359375 0.0156352078125 0.8257416890625 0.0391738828125 0.8238560921875001
0 0.359748528125 1 0.3709574296875 0.991676728125 0.3675947234375 0.9690491453125001 0.345176921875 0.9577354250000001 0.3238799921875 0.9501928968750001 0.3081875140625 0.9897909890625 0.31939641406249997 1 0.359748528125 1
0 0.5816847203125 0.9973335171875 0.5973772 0.98224860625 0.5884100453125 0.9577354250000001 0.5480580171875 0.9483073 0.5346073703124999 0.9483073 0.5278820453125 0.9501928968750001 0.5065851171875 0.9671635484375001 0.513310440625 0.9954479203125001 0.5424535671874999 1 0.5816847203125 0.9973335171875
0 0.6948946921875 0.98224860625 0.6960154796875 0.965277953125 0.689290240625 0.9501928968750001 0.6601470296875 0.9765916734375001 0.67023514375 0.9973335171875 0.6881692828125 1 0.6937737328125 0.9935623250000001 0.6948946921875 0.98224860625